710
608
1610
1491
332
320
731
1992
877
1694
194
1386
1297
647
1603
627
871
1574
1946
1753
1567
370
1557
1669
598
919
1094
1125
790
1573
136
783
1263
825
680
1657
1970
151
574
1632
784
730
1701
259
840
1447
1015
1408
517
1395
119
898
599
1066
1232
1042
1835
469
1246
590
1195
1158
1088
255
1279
279
315
313
1258
658
464
1460
1402
833
1136
100
530
1837
356
999
1060
1866
1421
1339
1989
1213
161
553
414
1483
1572
1109
1468
452
154
1168
1670
749
794
132
376
268
1191
1428
692
398
407
1413
218
214
1243
1826
982
1979
109
1063
1868
655
1250
1377
1643
828
1721
1087
1441
728
1771
808
1473
1113
1075
1306
845
947
1224
925
228
1183
1735
1012
913
209
1416
905
450
1030
1099
564
142
1621
1298
1947
1230
335
287
1174
206
577
178
1555
288
563
859
970
1112
1004
1927
1770
111
1821
401
236
1251
492
1751
818
907
1655
1235
1487
1327
596
1900
1910
479
821
1006
622
1763
467
1811
169
1160
915
1693
1510
1775
974
1766
853
664
453
654
232
1559
1600
1285
1933
196
1267
297
1022
592
1304
659
780
1089
618
1419
589
413
888
1244
779
734
470
1240
752
1446
1934
1325
1177
1958
351
1260
