410
1755
662
1733
144
1467
1326
1205
1894
1571
404
1758
1517
1096
650
1294
1414
722
454
211
1652
1529
1344
1194
1198
215
1412
1577
1021
432
1337
1083
372
224
124
277
1679
558
1808
405
1427
1264
1697
860
735
1139
1793
1631
434
1651
1889
771
862
1696
1935
880
582
727
903
311
183
1010
1273
1354
1197
1155
1950
551
1480
272
1199
379
1628
701
1171
1496
669
1515
1897
1077
1382
938
1026
1920
1624
1373
733
200
380
857
388
1292
1663
500
234
1955
639
626
1353
1703
1359
1817
1352
1185
1223
1276
331
914
328
865
555
1134
308
1867
377
1570
1207
1648
1942
1876
776
1832
305
1137
1951
1506
1277
698
1278
402
1689
1471
532
1805
269
198
1549
189
811
739
1779
1210
1886
1144
1295
1543
559
939
1796
975
587
1081
1289
1909
417
267
1458
633
1578
1080
799
570
770
438
462
729
922
347
428
946
1674
1699
1370
1069
359
568
935
972
526
524
1014
690
1535
442
201
928
1662
150
697
1186
839
1493
490
1759
1523
583
1649
258
1719
241
528
1830
1252
1486
920
1003
1218
249
307
339
1720
1828
321
645
1033
585
1840
1162
1748
117
625
1599
513
126
978
474
223
1392
916
1090
261
932
1905
1645
129
