229
1197
987
1199
1132
535
125
1288
1571
1014
1224
1685
1252
956
1021
1508
138
838
443
974
1944
748
872
1098
1024
1225
1719
328
1158
994
421
1478
996
1368
1196
923
1263
1893
1977
1317
745
714
1711
589
910
1189
471
1290
1050
213
1305
1449
389
1991
1138
821
1664
1492
248
411
569
348
1509
1834
681
691
559
922
685
1516
475
638
316
295
1577
854
1576
1574
742
1772
652
1473
934
584
1477
1655
892
242
1557
477
252
881
1239
1938
615
676
1992
1450
159
515
122
1462
1331
1054
543
975
1919
289
194
700
1116
1211
1699
263
273
351
1753
208
1136
1761
1596
1183
1005
1187
484
223
1625
1181
1635
1514
440
1315
770
1179
979
900
356
1166
297
1472
684
247
280
1517
1458
1326
1961
1796
1161
1254
1464
642
127
955
282
1856
1293
492
398
1125
1967
553
1716
113
1469
463
1128
203
244
1778
197
1435
1757
993
267
1352
1227
1440
708
510
596
845
1349
523
1845
1686
1677
1951
1636
1324
200
1255
1233
736
998
812
1858
409
250
1645
148
639
1819
904
1384
1466
1408
1457
1558
1812
214
1844
1042
117
1747
803
978
637
343
760
758
918
960
549
211
483
537
1530
926
1766
1873
1028
1298
404
1822
