1661
1532
1504
392
264
1525
1731
1533
1332
1965
317
1049
718
1270
1744
827
1489
1741
221
143
466
1111
1769
682
1944
1291
499
1784
1785
1654
968
872
911
220
138
309
717
1681
1492
368
1253
265
997
391
1005
844
991
1358
1932
153
1602
789
1691
993
1455
981
1008
334
1764
460
504
847
944
1922
1233
950
373
1336
1105
509
1527
1093
1469
631
1437
1141
661
550
983
1724
1588
1438
1656
927
343
606
744
961
705
133
741
1511
397
1638
1490
1948
123
979
1365
1659
145
1683
480
544
1444
1849
437
1678
994
1541
296
1941
720
1494
250
195
573
273
652
1433
527
525
1792
1871
443
1612
1702
393
160
1685
852
1749
897
688
1743
642
1767
433
445
952
349
1747
421
1201
283
529
541
1872
1695
1579
295
760
502
593
889
1562
1031
1740
1823
636
175
960
1274
843
894
1443
1333
1316
1130
1802
324
477
1583
412
732
244
1994
1718
406
348
1227
1085
378
1040
1385
1742
1121
1375
660
1988
1843
1147
1774
671
908
1892
1453
1348
1086
190
1140
699
1865
848
1482
548
1110
1238
1984
868
385
892
1848
700
1208
1078
1041
1739
1363
762
1449
561
1241
885
302
1329
986
507
1553
399
842
1908
1647
1780
537
