226
1328
1154
1155
1909
1291
673
378
1731
783
256
1600
805
1708
603
112
796
1628
914
1506
1004
1922
1180
1193
1378
941
217
1348
1718
1036
1089
1559
740
711
844
454
1111
175
1037
984
856
605
1907
884
1837
730
1038
464
1285
706
1769
1883
1406
1846
1887
1690
331
520
1515
1738
790
1240
1632
1105
1660
373
1682
1694
185
1498
1051
626
1058
959
723
137
1507
1588
816
1870
1043
392
1160
1902
338
1840
511
649
119
1393
1409
752
773
1416
493
284
1213
883
1801
1897
1283
688
1948
1242
1952
1511
1164
139
104
665
850
1813
186
103
512
1146
746
1669
1916
1657
1543
1350
1735
1009
1434
702
1216
1721
1878
834
1163
583
558
1805
1483
1631
1622
1123
1843
1392
195
370
1018
290
946
1637
830
1055
1052
827
1374
126
1717
604
1611
1860
953
716
1474
109
1403
219
418
1519
1421
206
988
1405
437
237
1201
921
1725
1521
1918
1170
919
1640
1094
505
1545
162
340
472
1877
966
738
945
951
1208
898
1264
828
1134
600
155
842
607
1758
982
668
1784
1540
1251
1460
1828
190
136
1823
410
1610
1431
390
1817
1270
1040
1565
602
253
1441
1582
1921
867
107
848
1120
1396
1958
1924
1309
601
1749
1732
1580
628
