461
168
785
318
422
653
193
1974
270
1990
1864
1381
148
1084
497
1722
1616
1317
1726
1239
1677
703
906
1914
1665
1978
726
1202
572
1966
276
1592
791
1993
921
1781
1568
1058
1170
1614
149
1167
1126
1604
1859
755
342
463
560
1115
826
1500
1308
1558
1637
1315
1305
926
285
1945
105
473
1530
1422
423
1187
893
542
1151
1300
451
1760
1512
1680
1237
1479
1055
252
1076
1782
1101
725
543
101
1106
1585
1791
612
289
354
1369
371
457
1542
245
1072
1056
677
1641
1959
110
1374
1563
1331
1249
866
510
166
291
1220
1754
369
858
578
545
1873
247
230
1625
266
1949
300
1067
1594
1180
1584
1566
873
1537
634
1880
1857
1635
1027
899
643
1952
1129
125
104
1875
481
1222
775
152
745
1057
520
329
436
1609
493
1061
489
620
319
1586
263
243
197
459
1127
508
1762
1684
1255
1534
1991
344
1985
1879
704
895
1502
386
292
1464
567
1445
805
1203
1409
1617
800
1799
1884
1189
886
128
229
1885
874
203
1825
995
1851
1834
748
403
341
830
1431
495
1470
1642
1383
674
1545
694
323
549
280
702
1324
1142
1514
1623
1384
1095
802
579
1345
107
424
948
512
1301
1371
798
1620
793
1601
1818
1269
985
