1633
1745
426
179
1475
584
691
879
1350
1536
812
501
1372
1032
1131
514
1575
851
1810
706
1904
736
293
1850
641
246
1342
1667
1074
807
505
1000
1378
375
1907
942
1302
1627
448
364
182
352
1921
1229
1896
1181
260
1498
1971
707
1734
751
114
185
876
242
1462
1318
817
750
177
531
483
1296
875
1401
1043
1809
306
163
181
468
159
1399
1841
1824
1806
121
1036
1018
883
576
1773
1116
773
1890
547
813
816
1154
1073
1044
487
1335
1919
431
1214
763
1310
610
708
962
980
640
1002
996
823
1150
1710
1091
333
1538
1937
820
1598
609
614
1290
1590
683
225
1424
1671
1029
656
987
684
1103
1212
1682
455
796
1082
1097
712
1544
1708
208
210
1219
955
1334
1901
1924
496
172
617
425
1827
310
1898
1673
383
367
990
519
1071
1855
284
953
322
613
846
1644
890
540
1846
188
1157
1548
838
1653
849
1700
649
766
127
130
170
1737
286
896
1564
1009
1293
822
409
1068
1268
427
693
1672
602
716
1983
1281
1439
814
112
1343
1552
108
918
1283
472
1175
747
1915
1360
1450
1526
1149
103
1613
1807
1062
1509
1705
366
1133
969
176
362
1688
1484
312
1275
1051
1783
774
1045
1143
988
1390
781
