1203
1253
447
1269
416
422
1767
791
1063
1752
775
562
1714
1726
322
1551
1789
1666
724
1048
607
1597
1152
824
1930
891
1367
768
1079
251
1411
588
1259
1819
254
1035
184
491
632
1569
301
904
1403
819
1163
929
696
1271
867
314
1351
1248
1474
1179
1964
165
1387
282
1481
1816
1803
552
1417
1119
113
958
1340
521
571
1393
666
832
191
769
346
158
834
1488
441
1406
1153
538
1938
737
1956
605
1169
604
1622
1472
1357
1120
330
1247
1052
668
1608
1380
1429
1929
616
1862
1320
601
171
1039
1646
1707
778
957
1050
439
1092
1709
1231
1962
591
787
1394
1881
1161
782
863
1972
1847
1312
963
1712
792
1539
1216
1913
238
1182
1200
713
381
1833
850
1581
580
1639
1114
1398
384
1434
1854
673
271
396
1858
767
290
665
1723
1878
186
131
1899
253
1732
216
1968
1407
1215
174
1728
1736
1761
1882
945
1546
1206
1176
646
162
1065
569
1503
1861
1391
1188
1459
1852
494
788
864
1629
429
1554
1836
1860
1626
1426
882
1778
173
1019
340
1265
1037
1328
765
222
449
1576
678
1172
486
603
1366
930
400
506
803
1347
1053
192
444
1887
943
326
1466
355
1288
959
854
1059
1225
1321
1911
303
1940
1418
164
