1593
1776
1945
473
504
1771
896
372
1106
947
1056
1722
1896
1002
853
124
1990
1261
517
239
369
279
1572
1162
1520
1475
1356
671
525
261
976
1077
1569
105
1972
1362
704
1665
1875
1917
1676
1742
957
1019
1152
1536
680
231
276
808
876
944
1524
1659
1679
575
1092
920
101
1385
990
690
1479
1093
917
1481
1788
983
908
1671
1808
1300
1578
1330
718
1061
857
722
1775
1299
1423
1681
448
176
969
999
1975
234
1496
778
573
871
149
1379
793
419
474
1783
1118
303
462
1336
165
1429
466
120
1439
1165
995
1482
1900
467
692
912
1001
1188
177
1080
423
1069
1601
1915
1602
166
1895
1779
647
1985
1656
1044
238
222
1667
1432
1556
1797
701
550
1031
1397
733
1222
521
873
1969
968
187
703
732
218
1982
1868
188
1316
1062
1855
266
1885
141
1248
376
1729
257
1552
233
1344
1691
1835
513
305
1097
986
335
1833
1950
1012
1126
1205
1886
862
265
1383
171
1232
608
293
1995
1720
874
1182
763
1531
1271
1219
903
728
412
1338
1605
1931
822
1135
865
142
116
1792
393
627
1616
1495
1518
529
1436
481
1832
1604
1091
357
634
384
183
452
819
1629
762
509
1395
1113
1394
614
757
488
1908
1701
1364
