1150
648
168
849
1280
709
622
1535
1765
661
329
954
503
1430
459
1502
1793
527
1974
1173
1537
530
1687
1010
800
544
1357
1078
1643
1804
145
164
246
1525
579
965
756
1129
1088
705
1575
1114
1904
1210
1442
1226
859
1371
1070
360
1461
1402
201
1020
1260
611
1488
324
890
789
952
1311
885
363
949
1447
1029
332
774
631
1323
1599
1546
1986
500
1172
635
1039
1865
1630
469
726
1130
313
106
552
1202
1910
1935
497
1654
212
625
893
651
272
1382
100
371
566
1247
1581
361
1976
453
428
1443
1235
1489
832
1946
414
417
1156
1015
494
522
1045
1710
434
1148
555
1662
897
667
546
813
1428
1979
1925
1591
1359
623
1265
202
1086
1987
196
1373
1861
456
156
131
1322
460
658
712
902
310
1939
1638
609
1008
743
1025
1195
403
1741
1693
678
379
1437
1124
1674
940
1272
1836
129
1970
401
1898
624
1899
590
431
815
1308
193
1153
499
1100
1730
1060
1912
1838
1016
1218
1539
565
347
1590
1047
1874
1859
657
1696
1192
468
220
1041
1177
365
1851
1966
1329
1929
797
1663
1957
1983
787
1401
1512
1410
1306
817
346
1505
132
1780
1603
851
262
886
695
759
221
768
741
1266
375
207
1310
641
556
