1829
888
1652
1923
961
182
630
1147
1095
929
1980
1705
1799
721
1076
833
1294
1926
1959
547
1133
385
677
386
1647
294
1366
1737
613
1963
1190
1544
1759
1332
1947
400
735
302
1594
251
1940
1841
1500
776
1066
1246
306
824
989
747
1351
1411
518
1231
1981
1006
1872
1167
633
227
1748
1223
128
291
1573
1820
916
1554
1789
1707
1468
1380
102
1353
1110
1795
1876
782
599
1595
766
1541
1882
228
491
1262
554
588
1745
391
1744
1212
1017
286
264
755
1892
1140
1102
323
717
1228
696
1547
355
1221
781
1768
1206
516
1968
1335
1220
1303
689
1011
287
1321
1734
1994
749
1278
595
694
476
487
1782
482
167
1354
1444
632
1075
241
283
1490
1651
366
406
179
1825
1901
1532
1798
1207
1499
901
1815
1964
1174
664
1168
1762
582
1839
540
1491
1307
1790
958
1287
663
1022
1108
1452
1413
1534
1724
831
268
764
1866
336
1096
1302
1390
786
489
597
133
1598
655
339
1847
551
861
1727
449
1889
972
1770
1936
1949
1703
399
1528
548
192
1773
1275
1398
1194
1333
1493
1956
154
354
1400
486
1341
1279
345
1849
1879
858
337
174
1340
144
498
478
1570
353
1081
531
1589
1739
225
1954
146
1214
971
1370
307
1864
