1007
635
139
670
1960
1388
1299
672
478
1756
657
1798
1528
1750
1311
586
1560
870
1146
637
856
1926
711
1619
146
1658
1925
1606
1844
294
611
1323
1524
419
1287
1717
759
809
1676
998
1787
1838
971
485
488
256
1768
1245
523
923
624
621
1368
1280
557
1815
1100
350
742
1135
1902
949
167
1497
503
1123
1687
836
1883
786
623
797
937
1995
1362
973
1477
1713
984
878
1704
685
804
1714
992
535
257
1405
638
1396
1355
1776
709
1812
566
917
304
1893
1234
1957
456
1804
719
1634
1906
1711
1159
1313
594
1822
615
207
1874
1364
1011
1772
1636
212
1863
924
1436
676
202
147
345
1519
338
1505
446
227
106
1376
1330
675
1456
1686
1916
157
667
723
1618
374
1322
1440
1046
1593
533
440
1794
1454
1341
1107
353
1425
1064
619
1192
1117
1757
1164
884
1551
758
395
1435
1024
1903
686
231
226
1020
1716
515
476
394
934
1540
1520
562
281
810
275
806
337
1839
1178
1595
941
387
931
262
648
837
628
1485
1976
1017
118
327
1975
1184
389
1025
714
753
1877
199
1442
1016
447
1495
357
135
869
363
1478
1936
855
115
134
1842
575
689
777
1118
1752
1605
1814
1715
1266
1319
1746
1257
1307
554
