1615
721
815
1795
835
1630
901
630
140
518
1987
910
408
595
1432
1513
1054
881
1591
1786
977
1173
1917
1338
629
1521
415
102
679
1706
600
1738
1918
1727
1596
1001
1853
738
1587
430
482
1013
681
1314
1730
1668
1788
1869
1356
1404
1980
1888
954
365
274
1565
1973
1801
1124
536
1272
416
382
772
1303
1829
1138
663
1729
1226
237
764
597
1856
1845
1023
546
418
1725
1104
1891
976
465
964
1664
902
1452
754
1282
861
1193
137
1420
122
1070
1361
1943
484
1132
1156
1254
239
1912
965
278
1981
120
1165
316
1561
1640
1969
219
1954
1522
1931
498
1820
1831
1961
1476
909
1211
1986
1204
1389
511
1550
1963
1430
1800
841
1870
1516
1448
1256
1047
757
651
155
325
1166
248
1607
1531
1698
1690
1284
1286
361
522
801
1108
687
695
534
1465
1122
204
936
390
1228
1397
1145
1611
1309
933
233
831
358
1196
1547
1928
1028
420
180
1379
740
1797
1262
1102
516
1982
1236
435
1463
581
967
475
940
1242
187
746
1209
1507
539
1148
1953
715
1451
141
1582
1038
1190
1650
1777
156
1410
900
1400
556
1556
761
1967
1346
116
565
1217
951
1518
411
829
1461
1415
1675
756
1580
299
1098
912
1813
1508
240
743
887
