1256
1455
1612
1083
839
1928
1890
1786
1624
1327
911
1446
967
806
734
1733
1121
913
1553
1325
593
1728
1824
1046
1754
1117
1661
1033
1609
1619
514
1178
698
1869
312
653
433
408
1644
528
729
367
435
810
1932
1888
1314
1736
314
359
616
1277
686
480
1273
1811
860
320
784
1561
1249
1381
1842
1236
1241
1756
215
799
1592
1343
750
1470
1740
344
970
963
1467
271
1313
612
1673
1217
804
1583
1751
407
358
891
1787
847
1760
157
863
1157
1827
1204
1560
315
1365
495
532
761
1415
924
395
184
270
1404
825
943
1267
1522
1422
942
285
311
1586
1704
381
659
1973
541
991
507
123
1169
674
1563
1712
1143
1642
1361
843
1399
578
1286
534
204
985
1412
304
771
777
334
1372
592
1713
720
1715
1268
232
298
1988
405
1930
587
382
181
1802
210
1057
1230
581
606
545
780
457
1566
1023
1955
1074
1709
490
1027
1884
427
1334
538
1750
927
818
980
442
368
1584
1209
1103
325
807
1497
1258
666
115
1013
533
909
1894
1863
744
150
837
973
1597
1639
151
1634
198
933
715
1418
153
882
317
660
1608
189
794
191
814
1438
1480
1459
1627
1176
1391
301
1911
1933
170
1312
1289
1830
672
1781
349
