1826
936
1342
536
326
502
1666
1107
1485
1807
1389
1090
1678
161
669
962
1503
1284
894
1433
656
1913
134
1989
1774
699
930
629
1367
465
1891
1377
479
829
430
1200
769
1360
1297
767
1862
950
1282
172
1454
1621
1388
1456
108
840
1854
1755
1684
1814
1053
235
1937
1375
260
205
1680
1295
269
330
1000
420
1831
864
350
309
1387
925
571
1675
1355
333
362
1099
670
795
1424
1943
1672
1073
1347
1426
591
496
889
296
461
948
977
754
1791
1064
610
572
739
1706
230
130
147
245
1145
644
561
1618
236
1363
501
1337
879
935
1658
731
438
1746
158
1445
455
992
1585
1650
1339
199
275
1668
135
1407
1857
1702
1564
620
281
823
1648
931
1670
1549
1112
485
906
654
243
1144
697
1122
1487
586
254
1059
169
557
111
1067
542
1101
710
1881
224
675
1641
877
1614
249
1880
140
1427
1149
1538
1034
645
1606
617
713
1007
820
451
1318
1292
1800
1971
682
429
352
1141
278
878
687
866
792
1993
1030
1649
364
1184
1072
1131
1626
938
683
1810
1048
1185
621
765
693
788
1476
1071
387
1653
618
1723
576
178
1186
1471
1171
539
1568
598
1486
1633
1276
1617
432
341
1848
1198
585
772
753
458
