439
163
981
1281
915
1049
255
1414
1555
1548
1494
259
1692
1215
1587
1234
383
446
413
524
436
567
160
1175
377
1777
1109
1942
1906
1376
1607
1567
1501
342
1743
1850
1816
937
1683
1867
636
1941
424
801
1386
1127
779
1191
1523
396
870
1615
1623
1237
725
580
1903
875
809
899
1065
727
939
932
1764
300
415
402
110
1319
1542
1905
1159
318
1527
1695
1425
1529
519
1320
1419
1151
327
646
1510
1358
445
869
274
1960
173
121
841
1579
1084
751
321
1484
1026
855
1296
1526
619
1465
1763
1688
568
425
1250
1229
1794
1984
1698
1853
444
152
1871
1417
441
1914
1953
1345
1453
526
997
1550
640
143
374
895
450
1003
1257
209
868
277
1965
1304
1852
785
577
1137
1032
180
1082
1369
308
650
1806
1139
1104
1420
907
1068
643
470
570
846
426
719
1346
1803
394
1035
240
1809
1079
905
1259
1927
1238
288
1087
1818
1934
707
388
836
292
1978
1448
216
1785
1463
380
1301
1244
506
114
928
1243
1533
1646
1562
1513
319
1821
1245
811
1697
802
299
1504
1920
594
564
1119
737
662
560
118
1115
826
1142
798
258
724
1274
964
563
1613
852
880
397
574
1962
508
1620
1689
1085
1451
1700
835
679
887
